1.00000000	0.00000000
0.99966700	0.00046620
0.99282269	0.00044379
0.98597839	0.00039690
0.97946154	0.00032774
0.97294469	0.00024526
0.96642785	0.00017475
0.95991100	0.00013600
0.94988650	0.00019910
0.93986200	0.00031400
0.92983750	0.00043322
0.91981300	0.00057300
0.90978900	0.00073694
0.89976500	0.00092400
0.88974200	0.00113857
0.87971900	0.00137900
0.86969800	0.00165014
0.85967700	0.00195000
0.84965750	0.00228410
0.83963800	0.00265000
0.82962150	0.00305380
0.81960500	0.00349200
0.80959200	0.00397005
0.79957900	0.00448500
0.78957050	0.00504373
0.77956200	0.00564200
0.76955900	0.00628600
0.75955600	0.00697100
0.74955900	0.00770245
0.73956200	0.00847600
0.72957200	0.00929772
0.71958200	0.01016200
0.70960000	0.01107334
0.69961800	0.01202700
0.68964500	0.01302787
0.67967200	0.01407000
0.66970800	0.01515630
0.65974400	0.01628200
0.64978900	0.01745041
0.63983400	0.01865600
0.62988850	0.01990046
0.61994300	0.02117900
0.61000600	0.02249289
0.60006900	0.02383700
0.59014000	0.02521103
0.58021100	0.02661100
0.57028900	0.02803654
0.56036700	0.02948300
0.55045050	0.03094800
0.54053400	0.03242800
0.53062100	0.03392007
0.52070800	0.03542100
0.51079650	0.03692696
0.50088500	0.03843500
0.49097300	0.03993991
0.48106100	0.04144000
0.47114600	0.04292977
0.46123100	0.04440800
0.45131150	0.04586823
0.44139200	0.04731000
0.43146500	0.04872597
0.42153800	0.05011700
0.41160350	0.05147539
0.40166900	0.05280300
0.39172450	0.05409170
0.38178000	0.05534400
0.37182500	0.05655086
0.36187000	0.05771600
0.35190400	0.05882969
0.34193800	0.05989600
0.33196100	0.06090334
0.32198400	0.06185700
0.31199500	0.06274386
0.30200600	0.06357000
0.29200650	0.06432000
0.28200700	0.06500000
0.27199700	0.06559070
0.26198700	0.06610100
0.25196800	0.06651011
0.24194900	0.06682200
0.23192500	0.06701306
0.22190100	0.06710300
0.21187650	0.06703432
0.20185200	0.06687800
0.19183500	0.06656165
0.18181800	0.06608200
0.17181850	0.06544876
0.16181900	0.06465000
0.15185150	0.06367299
0.14188400	0.06251700
0.13196550	0.06116071
0.12204700	0.05960500
0.11223200	0.05779790
0.10241700	0.05578796
0.09263050	0.05353220
0.08537725	0.05164533
0.07812400	0.04960665
0.07334700	0.04813066
0.06857000	0.04657608
0.06379300	0.04492900
0.05915300	0.04320174
0.05451300	0.04137008
0.04987300	0.03942279
0.04523300	0.03735900
0.04080675	0.03524370
0.03638050	0.03299142
0.03195425	0.03056038
0.02752800	0.02797000
0.02350450	0.02543986
0.01977225	0.02289157
0.01604000	0.02017748
0.01259900	0.01746250
0.01087850	0.01603059
0.00915800	0.01453615
0.00743750	0.01297041
0.00571700	0.01130042
0.00428775	0.00982097
0.00321581	0.00855956
0.00214387	0.00710619
0.00142925	0.00588816
0.00071462	0.00427190
0.00035731	0.00310085
0.00017866	0.00225112
0.00008933	0.00163431
0.00004466	0.00118652
0.00002233	0.00086142
0.00000000	0.00000000
0.00013724	-0.00073516
0.00027448	-0.00101260
0.00054897	-0.00139472
0.00109794	-0.00192091
0.00164691	-0.00231500
0.00219587	-0.00264506
0.00329381	-0.00318690
0.00439175	-0.00363937
0.00548969	-0.00402743
0.00658762	-0.00437631
0.00796005	-0.00476833
0.00933247	-0.00512844
0.01084213	-0.00549633
0.01235180	-0.00582547
0.01399402	-0.00612227
0.01563624	-0.00638403
0.01727846	-0.00662032
0.01892069	-0.00683187
0.02247025	-0.00720050
0.02737350	-0.00763849
0.03227675	-0.00803750
0.03718000	-0.00841200
0.04700300	-0.00910287
0.05682600	-0.00974700
0.06665050	-0.01040027
0.07647500	-0.01104400
0.08630050	-0.01167795
0.09612600	-0.01230300
0.10595300	-0.01291708
0.11578000	-0.01352300
0.12560850	-0.01411885
0.13543700	-0.01470600
0.14526600	-0.01528283
0.15509500	-0.01585100
0.16492550	-0.01640941
0.17475600	-0.01695900
0.18458700	-0.01749789
0.19441800	-0.01802800
0.20425050	-0.01854841
0.21408300	-0.01906000
0.22391650	-0.01956095
0.23375000	-0.02005300
0.24358400	-0.02053493
0.25341800	-0.02100800
0.26325350	-0.02147064
0.27308900	-0.02192400
0.28292500	-0.02236609
0.29276100	-0.02279900
0.30259800	-0.02322173
0.31243500	-0.02363500
0.32227300	-0.02403644
0.33211100	-0.02442800
0.34194950	-0.02480813
0.35178800	-0.02517800
0.36162750	-0.02553530
0.37146700	-0.02588200
0.38130750	-0.02621637
0.39114800	-0.02654000
0.40098900	-0.02685082
0.41083000	-0.02715000
0.42067200	-0.02743453
0.43051400	-0.02770700
0.44035650	-0.02796555
0.45019900	-0.02821000
0.46004250	-0.02843882
0.46988600	-0.02865500
0.47973000	-0.02885419
0.48957400	-0.02903900
0.49941850	-0.02920620
0.50926300	-0.02935800
0.51910800	-0.02949079
0.52895300	-0.02960700
0.53879850	-0.02970276
0.54864400	-0.02978200
0.55849000	-0.02984198
0.56833600	-0.02987700
0.57818150	-0.02988426
0.58802700	-0.02988700
0.59787300	-0.02986016
0.60771900	-0.02980600
0.61756450	-0.02973022
0.62741000	-0.02962900
0.63725500	-0.02950194
0.64710000	-0.02934900
0.65694350	-0.02916792
0.66678700	-0.02896000
0.67663000	-0.02872206
0.68647300	-0.02845600
0.69631350	-0.02815777
0.70615400	-0.02783000
0.71599300	-0.02746844
0.72583200	-0.02707600
0.73566750	-0.02664811
0.74550300	-0.02618800
0.75533550	-0.02569079
0.76516800	-0.02516000
0.77499650	-0.02459055
0.78482500	-0.02398600
0.79464850	-0.02334071
0.80447200	-0.02265900
0.81428950	-0.02193585
0.82410700	-0.02117500
0.83391850	-0.02037047
0.84373000	-0.01952700
0.85353400	-0.01863944
0.86333800	-0.01771200
0.87313350	-0.01673906
0.88292900	-0.01572500
0.89271550	-0.01466406
0.90250200	-0.01356100
0.91227750	-0.01241070
0.92205300	-0.01121800
0.93181750	-0.00997840
0.94158200	-0.00869200
0.95133400	-0.00735659
0.96108600	-0.00598100
0.97082500	-0.00455345
0.98056400	-0.00308400
0.98542300	-0.00233190
0.99028200	-0.00156653
0.99514100	-0.00078945
1.00000000	0.00000000